6363191210
8574135012
7595043823
7134280841
5466911828
8449417575
6692328978
7397186555
5968791271
0495490848
5998870449
6710537254
5432657225
8635359947
6096516044
3510664956
0157136317
5873171406
5752867405
3546827294
5084757515
0819596083
7522771202
2802512479
6312771203
0804175244
6996544260
7119351907
5062862862
2674788903
2565035733
7714450728
8628922897
9171938081
7140615331
7929866095
1500556054
7760752886
1586675727
5043914091
9558168847
7501599787
0133367767
7760565288
1183299200
8163895128
7589613873
8974305314
1711231511
7576971375
5565493763
2919492780
3987666848
1037105434
6466902588
1468365239
6493633649
5360196474
7012245204
7624663050
0825448145
5626041137
7898577292
8490334917
4993359843
5888211403
2243945604
6654336416
0223841965
1496038146
3864209889
5762061138
1090394419
3689102601
4168168144
7012669917
1405504766
1020342210
8015663974
0615874871
9144387348
7533104883
5268362477
1049722957
2787312122
2868410939
4476233839
8969122642
7835156323
8595622842
9764351738
2223819155
6604863222
8457529266
9091656847
3709906666
4811298487
2781823862
8688026396
0143843532
1566197163
5451456555
4741684917
1928608673
5067951033
2434360647
2660069941
5467498197
9421169150
9532510069
2653458242
7349676155
0587575471
4386254113
1017715510
1965384720
4092838472
0204458205
1891109353
0923150099
9960423357
4411749944
2652974930
8389893425
6201426864
6297720519
4988652810
7259966449
0026315576
1597533722
3761508031
6015967475
9931674485
2817227463
1692209490
8435029331
1698621821
2457386103
1063984144
5738108152
2274039000
9354779071
0868867274
9880716655
0840023924
8174202784
7696098379
8876730975
6308913093
4136191354
7523280801
3091914165
6305427472
7171824767
5404346568
4244957028
3299121725
2095989555
2256693702
0686220198
4488699714
8526059155
6140022610
9688075232
6079520849
0336878780
9781142478
9616383905
8693218244
4858217505
5099337085
7835140199
5524572622
9966841089
1424860697
8250383134
6356446590
8677814287
4501948641
0991657295
4388223717
8137592132
5742427205
9636364634
6464926226
1533586808
8360753986
3819985405
4325748443
6523773858
7985817630
8287422999
9329703089
2232928653
0850450918
8506558537
4153737051
0405743269
2962982815
1105078387
